phrase,phraseID,enter_log,keystroke,TIME,CPM,VowelCnt,ConsCnt,TER,DeleteCnt,AveSpeed,AveRotationWhile
きょうははれ,20,さきょうはれ,6,0m21.41s,16.814572629612332,6,8,0.3333333333333333,1.0,[0.8084015250205994, 0.5551567077636719, 0.46619877219200134, 0.8438951969146729, 0.836947500705719, 0.802993893623352],[76.0, 128.0, 404.0, 216.0, 228.0, 400.0]
すいみんをとる,26,すいみんをとる,7,0m11.61s,36.17571059431525,13,15,0.0,0.0,[1.313680648803711, 1.0285378694534302, -0.04082227125763893, -0.7236804962158203, -0.8593338131904602, 0.5244588851928711, 0.6467772126197815],[260.0, 144.0, 268.0, 112.0, 212.0, 172.0, 272.0]
ろんぶんよむ,5,ろんむんよむ,6,0m13.62s,26.43171806167401,19,22,0.16666666666666666,1.0,[-0.8119115829467773, -0.7906323075294495, 1.3454830646514893, 0.36984550952911377, -0.7956358194351196, 1.1751214265823364],[132.0, 104.0, 360.0, 584.0, 164.0, 392.0]
なまはげをみる,23,なまはげをみる,7,0m15.38s,27.30819245773732,26,31,0.0,1.0,[0.38122957944869995, -0.6989277601242065, 0.7692115306854248, -0.231257364153862, -0.6701555252075195, 0.027523059397935867, 0.11171840876340866],[292.0, 180.0, 208.0, 132.0, 248.0, 260.0, 360.0]
おつかれさま,29,おつかれさま,6,0m10.9s,35.678889990089196,32,38,0.0,1.0,[-0.010626801289618015, 1.0670897960662842, 0.5893850922584534, -0.8463300466537476, 0.7764019966125488, -0.16740894317626953],[36.0, 288.0, 220.0, 168.0, 120.0, 208.0]
ぽいんとをためる,49,ぼいんたとれをためる,10,0m19.38s,24.767801857585138,42,49,0.3,2.0,[0.9014359712600708, 0.4942626357078552, -0.5094394087791443, 0.820031464099884, 0.524197518825531, -0.6037943363189697, -0.5555781722068787, 0.8417581915855408, -0.8045459985733032, 1.0267846584320068],[220.0, 132.0, 108.0, 156.0, 188.0, 176.0, 248.0, 152.0, 244.0, 456.0]
きょうしつにいく,56,きゆょうしつにいく,9,0m17.58s,27.303754266211605,51,60,0.1111111111111111,2.0,[0.7223018407821655, -0.43163132667541504, 0.02824055589735508, 0.6447282433509827, 0.8103016018867493, 0.8622931241989136, 0.8700672388076782, 0.8799309134483337, 0.9853395223617554],[144.0, 312.0, 476.0, 208.0, 188.0, 284.0, 252.0, 124.0, 232.0]
あしたはくもり,21,あしたはくもり,7,0m12.61s,33.30689928628073,58,68,0.0,1.0,[0.5202193260192871, 0.8120877742767334, 0.8036577701568604, 0.8817538022994995, 0.8226869106292725, -0.6069937348365784, 0.19239039719104767],[52.0, 188.0, 152.0, 544.0, 228.0, 192.0, 164.0]
じゅうでんきどこ,57,じゅうでんきどこ,8,0m17.53s,27.38163148887621,66,81,0.0,1.0,[0.839356005191803, 0.030368145555257797, 0.6591073274612427, 0.12749849259853363, -0.2966901957988739, 0.9799593687057495, 0.4860181212425232, -0.07753250747919083],[192.0, 444.0, 220.0, 220.0, 216.0, 164.0, 144.0, 320.0]
まうすでそうさ,59,まうすでそうさ,7,0m10.84s,38.745387453874535,73,89,0.0,0.0,[-0.30697566270828247, 1.0000770092010498, 1.0282515287399292, 0.04166113957762718, 0.03905507177114487, 0.971369743347168, 0.5870916843414307],[172.0, 196.0, 264.0, 216.0, 152.0, 192.0, 116.0]
