phrase,phraseID,enter_log,enter_alllog,keystroke,TIME,CPM,VowelCnt,ConsCnt,TER,DeleteCnt,AveSpeed,AveRotationWhile
わかりました,13,わかりました,わ行わか行から行りま行まさ行した行た,6,0m8.50s,42.35294117647059,6,6,0.0,0.0,[-0.07412217557430267, 0.6970369815826416, 0.16789889335632324, -0.3946540355682373, 0.6740081310272217, 0.5940657258033752],[88.0, 104.0, 184.0, 172.0, 184.0, 140.0]
すまほわすれた,50,すまほわすんれた,さ行すま行まは行ほわ行わさ行すわ行んら行れた行た,8,0m15.21s,27.613412228796843,14,14,0.125,1.0,[0.9276201128959656, -0.3939535915851593, 0.5871274471282959, 0.05217745900154114, 0.8805994987487793, -0.22671785950660706, -0.7447940707206726, 0.9160298109054565],[256.0, 172.0, 216.0, 72.0, 256.0, 228.0, 184.0, 128.0]
ゆめをみる,51,ゆめをみる,や行ゆま行めわ行をま行みら行る,5,0m9.47s,31.67898627243928,19,19,0.0,0.0,[0.2842627465724945, -0.7328043580055237, -0.5653086304664612, -0.00880607683211565, 0.5569151639938354],[276.0, 248.0, 220.0, 232.0, 244.0]
そうじとうばん,10,そうじとうばん,さ行そあ行うさ行した行とあ行うは行はわ行ん,7,0m10.72s,39.17910447761194,26,28,0.0,0.0,[0.28870949149131775, 1.122088074684143, 0.8856914043426514, 0.1644965410232544, 1.1891971826553345, 0.8127212524414062, -0.6258491277694702],[112.0, 196.0, 188.0, 184.0, 176.0, 212.0, 116.0]
そつぎょうする,33,そつぎょうする,さ行そた行つか行きや行よあ行うさ行すら行る,7,0m11.96s,35.11705685618729,33,37,0.0,0.0,[0.22507481276988983, 1.0642286539077759, 0.9186553955078125, -0.5847765207290649, 0.7952518463134766, 0.9700509905815125, 0.5420219898223877],[112.0, 288.0, 160.0, 200.0, 216.0, 264.0, 256.0]
ごめんなさい,14,ごめんなさい,か行こま行めわ行んな行なさ行さか行あ行い,6,0m9.92s,36.29032258064516,39,45,0.0,1.0,[0.16574126482009888, -0.6018878817558289, -0.5763421654701233, 0.8147467374801636, 0.5789775848388672, 0.7256220579147339],[64.0, 284.0, 76.0, 208.0, 100.0, 204.0]
ろんぶんよむ,3,やろんぶんよむ,や行やわ行ら行ろわ行んな行は行ふわ行んや行よま行む,7,0m17.5s,21.114369501466275,46,55,0.14285714285714285,3.0,[-0.6812169551849365, -0.17889630794525146, -0.5192453861236572, 1.1157363653182983, -0.5455678105354309, -0.7453611493110657, 1.161929965019226],[108.0, 492.0, 88.0, 560.0, 96.0, 164.0, 384.0]
えきについた,30,おえきについた,あ行おあ行えか行きな行にた行つあ行いた行た,7,0m10.37s,34.715525554484095,53,62,0.14285714285714285,1.0,[-0.04935426637530327, -0.24439376592636108, 0.8718172907829285, 1.0296212434768677, 1.0284552574157715, 1.1507967710494995, 0.738032877445221],[44.0, 144.0, 156.0, 248.0, 288.0, 124.0, 148.0]
ききかんをもつ,26,ききかんをもつ,か行きか行きあ行か行かわ行んら行わ行をま行もた行つ,7,0m12.1s,34.970857618651124,60,71,0.0,2.0,[1.0291651487350464, 0.979717493057251, 0.7617918252944946, -0.809576153755188, -0.7289082407951355, -0.8686856031417847, 1.3870704174041748],[136.0, 160.0, 268.0, 84.0, 292.0, 168.0, 308.0]
りんじんとらぶる,39,りんじんてとらぶる,ら行りわ行んさ行しわ行んた行てか行た行とら行らは行ふら行や行ら行ら行る,9,0m25.59s,18.757327080890974,69,86,0.1111111111111111,5.0,[0.11355840414762497, -0.6852371692657471, 0.9843326807022095, -0.8058636784553528, 0.19565288722515106, 1.016614317893982, 0.006115305237472057, 1.3263447284698486, 0.04858272895216942],[168.0, 64.0, 184.0, 136.0, 208.0, 736.0, 124.0, 340.0, 1604.0]
ぷろぐらみんぐ,27,ぶ,は行ふわ行,1,0m12.1s,34.970857618651124,70,93,7.0,1.0,[1.445507526397705],[336.0]
ゆめをみる,51,,,0,2m56.95s,1.6953941791466516,0,0,inf,0.0,[],[]
ひるめしたべた,35,,,0,2m57.12s,2.3712737127371275,0,0,inf,0.0,[],[]
あしたはかいぎ,0,,,0,2m57.27s,2.3692672194956845,0,0,inf,0.0,[],[]
たんいをとる,32,,,0,2m57.43s,2.0289691709406528,0,0,inf,0.0,[],[]
すいどうだい,6,,,0,2m57.58s,2.027255321545219,0,0,inf,0.0,[],[]
ことしきせいする,11,,,0,2m57.75s,2.70042194092827,0,0,inf,0.0,[],[]
ふみんふきゅう,9,,,0,2m57.88s,2.3611423431526872,0,0,inf,0.0,[],[]
りんじんとらぶる,39,,,0,2m58.5s,2.695871946082561,0,0,inf,0.0,[],[]
こうぎのめも,45,,,0,2m58.20s,2.02020202020202,0,0,inf,0.0,[],[]
がぞうをほぞん,43,,,0,2m58.37s,2.354656052026686,0,0,inf,0.0,[],[]
えきについた,30,,,0,2m58.53s,2.016467820534364,0,0,inf,0.0,[],[]
ぽいんとをためる,40,,,0,2m58.68s,2.686366689053056,0,0,inf,0.0,[],[]
ひるねをする,36,,,0,2m58.85s,2.0128599384959465,0,0,inf,0.0,[],[]
どうもありがとう,12,,,0,2m59.2s,2.6812646631661265,0,0,inf,0.0,[],[]
すまほわすれた,50,,,0,2m59.19s,2.343880796919471,0,0,inf,0.0,[],[]
いまどこにいる,24,,,0,2m59.35s,2.341789796487315,0,0,inf,0.0,[],[]
じゅうでんきどこ,48,,,0,2m59.50s,2.6740947075208914,0,0,inf,0.0,[],[]
だいがくにいく,17,,,0,2m59.69s,2.337358784573432,0,0,inf,0.0,[],[]
きどくがつく,25,,,0,2m59.85s,2.0016680567139282,0,0,inf,0.0,[],[]
ごごきゅうこう,2,,,0,3m0.2s,2.333074102877458,0,0,inf,0.0,[],[]
