phrase,phraseID,enter_log,enter_alllog,keystroke,TIME,CPM,VowelCnt,ConsCnt,TER,DeleteCnt,AveSpeed,AveRotationWhile
おやすみ,3,おやすみ,あ行おや行やさ行すま行み,4,0m6.80s,35.294117647058826,4,4,0.0,0.0,[-0.1524726003408432, -0.299437016248703, 0.6738005876541138, -0.017093943431973457],[20.0, 155.0, 270.0, 265.0]
べんきょうする,12,なべんきょうする,な行なな行は行へわ行んか行きや行よあ行うさ行すら行る,8,0m20.6s,20.937188434695912,8,11,0.125,2.0,[0.20153383910655975, 0.9244678020477295, -0.40144988894462585, 0.5820642709732056, -0.7319321036338806, 0.46086999773979187, 0.7005898356437683, 0.3327850103378296],[400.0, 895.0, 105.0, 145.0, 155.0, 220.0, 265.0, 265.0]
きたくします,13,きたくします,か行きた行たか行くさ行しま行まさ行す,6,0m9.51s,37.85488958990536,6,6,0.0,0.0,[0.6716591715812683, 0.5116953253746033, 0.7215651273727417, 0.5987100601196289, -0.31328481435775757, 0.7466590404510498],[160.0, 135.0, 215.0, 205.0, 180.0, 255.0]
おはよう,0,おはよう,あ行おは行はや行よあ行う,4,0m5.95s,40.33613445378151,4,4,0.0,0.0,[-0.19420203566551208, 0.5414888858795166, -0.622730016708374, 0.7852553725242615],[50.0, 205.0, 155.0, 185.0]
おなかすいた,11,おなかすいた,あ行おた行な行なか行かさ行すあ行いた行た,6,0m10.40s,34.61538461538461,6,7,0.0,1.0,[-0.12237390130758286, 0.6029297113418579, 0.40560221672058105, 0.678036630153656, 0.5050844550132751, 0.475088894367218],[35.0, 390.0, 50.0, 255.0, 130.0, 135.0]
ただいま,14,だだいま,た行たた行たあ行いま行ま,4,0m7.60s,31.57894736842106,4,6,0.25,0.0,[0.5419110059738159, 0.3398193120956421, 0.23442433774471283, -0.21732471883296967],[125.0, 155.0, 130.0, 175.0]
すごくいいね,10,すごくいいね,さ行すか行こか行くあ行いあ行いな行ね,6,0m11.32s,31.802120141342755,6,7,0.0,0.0,[0.7244182825088501, 0.14163169264793396, 0.6836434602737427, 0.20777583122253418, 0.7424426078796387, 0.0878472775220871],[260.0, 75.0, 220.0, 460.0, 125.0, 275.0]
ねむいです,5,ねむいです,な行ねや行ま行むあ行いた行てさ行す,5,0m12.47s,24.057738572574177,5,7,0.0,1.0,[0.1333114355802536, -0.10455000400543213, 0.7479515671730042, 0.08301793783903122, 0.5493124127388],[220.0, 445.0, 100.0, 225.0, 275.0]
こんにちは,1,こんにちは,か行こわ行んな行にた行ちは行は,5,0m9.37s,32.017075773746,5,5,0.0,0.0,[-0.0011287294328212738, -0.5761725306510925, 0.7182331681251526, 0.4220546782016754, 0.5943030118942261],[90.0, 90.0, 265.0, 355.0, 215.0]
さようなら,6,さようなら,さ行さや行よあ行うな行なら行ら,5,0m7.15s,41.95804195804196,5,5,0.0,0.0,[0.6096153259277344, -0.6668050289154053, 0.7972231507301331, 0.6741728186607361, -0.04928481951355934],[105.0, 160.0, 175.0, 195.0, 125.0]
ひさしぶり,7,ひさしぶり,は行ひさ行ささ行しは行ふら行り,5,0m8.87s,33.82187147688839,5,6,0.0,0.0,[0.741352915763855, 0.49130237102508545, 0.5992624759674072, 0.7273394465446472, -0.015526149421930313],[275.0, 120.0, 185.0, 340.0, 185.0]
どうでもいいよ,9,どうでもいいよ,た行とあ行うた行てま行もあ行いあ行いや行よ,7,0m11.9s,37.87195671776375,7,9,0.0,0.0,[0.3332696557044983, 0.5210831761360168, 0.09444199502468109, -0.5687377452850342, 0.6171931028366089, 0.7388560175895691, -0.7053478360176086],[140.0, 185.0, 210.0, 210.0, 110.0, 120.0, 150.0]
げんきです,4,げんきです,か行けわ行んか行きた行てか行さ行す,5,0m10.27s,29.211295034079846,5,8,0.0,1.0,[-0.3453449308872223, -0.4467412233352661, 0.588185727596283, 0.03698987886309624, 0.5018783211708069],[160.0, 115.0, 155.0, 195.0, 400.0]
こんばんわ,2,こんばん,か行こわ行んな行な行は行はわ行んわ行,4,0m12.20s,24.590163934426233,4,9,0.25,2.0,[-0.12525586783885956, -0.5077626705169678, 0.6629058122634888, -0.48811420798301697],[75.0, 90.0, 665.0, 115.0]
