phrase,phraseID,enter_log,enter_alllog,keystroke,TIME,CPM,VowelCnt,ConsCnt,TER,DeleteCnt,AveSpeed,AveRotationWhile
おなかすいた,11,おなかすいさた,あ行おな行なか行かさ行すあ行いさ行さた行た,7,0m10.50s,34.285714285714285,7,7,0.14285714285714285,1.0,[-0.06624742597341537, 0.8786441087722778, 0.5991193652153015, 0.8879857063293457, 0.9704734683036804, 0.2865249216556549, 0.831000030040741],[20.0, 160.0, 92.0, 256.0, 116.0, 256.0, 192.0]
さようなら,6,さようなら,さ行さや行よあ行うな行なら行ら,5,0m6.98s,42.97994269340974,5,5,0.0,0.0,[0.6969486474990845, -0.6935299634933472, 0.9755244255065918, 0.6080160737037659, -0.21492616832256317],[100.0, 152.0, 196.0, 176.0, 104.0]
おはよう,0,おはよう,あ行おは行はや行よあ行う,4,0m5.50s,43.63636363636364,4,4,0.0,0.0,[-0.28482481837272644, 0.7639296054840088, -0.6041331887245178, 0.9819356799125671],[40.0, 188.0, 140.0, 172.0]
おやすみ,3,おやすみ,あ行おや行やさ行すま行み,4,0m7.68s,31.25,4,5,0.0,0.0,[0.056182894855737686, -0.28214314579963684, 0.9054470658302307, -0.021220220252871513],[96.0, 148.0, 264.0, 256.0]
きたくします,13,きたくします,か行きた行たか行くさ行しま行まさ行す,6,0m8.73s,41.23711340206185,6,6,0.0,0.0,[0.8540955185890198, 0.625266969203949, 0.9313144683837891, 0.694586992263794, -0.4253856837749481, 0.8881737589836121],[148.0, 148.0, 220.0, 188.0, 172.0, 260.0]
こんにちは,1,こんにちわ,か行こわ行んた行な行にた行ちわ行わ,5,0m8.80s,34.09090909090909,5,6,0.2,1.0,[-0.03607127442955971, -0.7383807301521301, 0.8381268382072449, 0.8715081214904785, -0.21656742691993713],[68.0, 92.0, 452.0, 224.0, 76.0]
ねむいです,5,ねむいです,な行ねま行むか行あ行いた行てさ行す,5,0m11.25s,26.666666666666668,5,7,0.0,1.0,[0.1568654328584671, 0.2316761463880539, 0.5137349367141724, -0.021079296246170998, 0.8392124772071838],[232.0, 304.0, 432.0, 212.0, 256.0]
ばんごはんなに,15,ばんごはんなに,は行はわ行んさ行か行こは行はわ行んな行なな行に,7,0m12.78s,32.863849765258216,7,10,0.0,1.0,[0.9070833325386047, -0.5266891121864319, 0.28521373867988586, 0.7163332104682922, -0.4920887351036072, 0.7149344682693481, 0.883667528629303],[212.0, 104.0, 188.0, 248.0, 80.0, 168.0, 240.0]
ただいま,14,ただいま,た行たた行たあ行いま行ま,4,0m7.8s,33.89830508474576,4,5,0.0,0.0,[0.6020459532737732, 0.7372550368309021, 0.432606041431427, -0.23388437926769257],[136.0, 124.0, 136.0, 288.0]
こんばんわ,2,こんばんわ,か行こわ行んは行はわ行んわ行わ,5,0m7.40s,40.54054054054054,5,6,0.0,0.0,[0.09253351390361786, -0.6061548590660095, 0.7667067646980286, -0.5509887933731079, -0.13053591549396515],[56.0, 88.0, 212.0, 108.0, 184.0]
どうでもいいよ,9,どうでもきいいよ,た行とあ行うな行た行ては行ま行もか行きか行か行あ行いあ行いま行や行よ,8,0m20.79s,20.202020202020204,8,15,0.125,6.0,[0.3590962588787079, 0.8051831126213074, 0.1772337555885315, -0.6890078186988831, 0.9661635160446167, 0.9040497541427612, 1.143301010131836, -0.8055195808410645],[156.0, 212.0, 584.0, 392.0, 172.0, 564.0, 116.0, 340.0]
べんきょうする,12,べんきょうする,は行へわ行んか行きや行よあ行うさ行すら行ら行る,7,0m14.83s,28.32097100472016,7,10,0.0,1.0,[0.3740440309047699, -0.6326957941055298, 1.0353645086288452, -0.7597182393074036, 0.890597403049469, 1.0579332113265991, -0.022373436018824577],[268.0, 100.0, 160.0, 144.0, 204.0, 236.0, 928.0]
ひさしぶり,7,ひさしぶり,は行ひさ行ささ行しは行ふら行り,5,0m8.32s,36.05769230769231,5,6,0.0,0.0,[1.0033797025680542, 0.6387025117874146, 1.0700777769088745, 1.2104800939559937, 0.03539368137717247],[284.0, 128.0, 180.0, 344.0, 192.0]
げんきです,4,げんきんきです,か行けわ行んか行きわ行んさ行か行きた行てさ行す,7,0m13.94s,21.52080344332855,7,10,0.2857142857142857,3.0,[-0.24477370083332062, -0.5659880042076111, 0.8625704050064087, 0.28188103437423706, 1.0794448852539062, 0.11081725358963013, 0.8621830344200134],[152.0, 96.0, 156.0, 412.0, 304.0, 224.0, 252.0]
やっぱいいや,8,やっぱいいや,や行やた行つは行はあ行いあ行いま行や行や,6,0m13.72s,26.239067055393583,6,10,0.0,1.0,[-0.33179107308387756, 0.9336884021759033, 0.7886536717414856, 0.4045628607273102, 0.9378526210784912, 0.5692148804664612],[152.0, 288.0, 240.0, 176.0, 112.0, 760.0]
すごくいいね,10,すごくいいね,さ行すあ行か行こか行くあ行いあ行いな行ね,6,0m10.56s,34.090909090909086,6,8,0.0,1.0,[1.0495866537094116, 0.2633838355541229, 0.8687897324562073, 1.05119788646698, 0.9914448261260986, 0.019125429913401604],[244.0, 216.0, 252.0, 120.0, 104.0, 236.0]
